8
bacterial1 0.000 0.083 0.076 0.063 0.112 0.153 0.144 0.224
bacterial2 0.083 0.000 0.088 0.066 0.093 0.064 0.115 0.126
bacterial3 0.076 0.088 0.000 0.081 0.109 0.134 0.199 0.177
bacterial4 0.063 0.066 0.081 0.000 0.094 0.133 0.119 0.205
mamalian1 0.112 0.093 0.109 0.094 0.000 0.103 0.143 0.169
mamalian2 0.153 0.064 0.134 0.133 0.103 0.000 0.198 0.060
mamalian3 0.144 0.115 0.199 0.119 0.143 0.198 0.000 0.280
mamalian4 0.224 0.126 0.177 0.205 0.169 0.060 0.280 0.000